
Date,TemperatureHighC,TemperatureAvgC,TemperatureLowC,DewpointHighC,DewpointAvgC,DewpointLowC,HumidityHigh,HumidityAvg,HumidityLow,PressureMaxhPa,PressureMinhPa,WindSpeedMaxKMH,WindSpeedAvgKMH,GustSpeedMaxKMH,PrecipitationSumCM<br>
2019-1-1,8.7,6.8,5.1,4.9,2.3,-0.1,85,76,69,1025,1017,11,1,33,0.05
<br>
2019-1-2,6.7,6.3,5.9,4.7,3.9,3.3,89,84,80,1017,1010,10,2,18,0.00
<br>
2019-1-3,11.1,7.9,4.7,6.2,4.1,2.6,89,81,71,1013,1003,10,2,24,0.15
<br>
2019-1-4,5.6,3.9,2.2,3.8,0.9,-1.1,89,83,75,1024,1003,34,5,76,4.50
<br>
2019-1-5,3.7,3.1,2.5,2.1,1.1,-0.9,91,86,75,1023,1013,13,3,38,0.30
<br>
2019-1-6,5.2,3.2,1.2,1.8,0.2,-2.2,90,81,72,1014,1009,18,4,27,0.00
<br>
2019-1-7,6.4,3.1,0.4,1.1,-1.1,-2.4,91,82,70,1022,1014,18,4,33,0.13
<br>
2019-1-8,7.4,3.4,-0.5,-0.3,-2.4,-4.2,88,78,56,1022,1017,21,5,47,0.33
<br>
2019-1-9,7.0,3.2,-0.7,0.5,-1.6,-4.2,77,69,58,1017,1010,37,8,59,0.00
<br>
2019-1-10,12.8,9.5,6.2,6.7,4.2,-1.5,71,66,58,1010,1006,54,18,88,0.48
<br>
2019-1-11,12.2,9.0,5.8,7.6,6.2,3.8,91,82,66,1018,1009,62,16,94,4.14
<br>
2019-1-12,5.9,4.9,3.9,3.9,2.7,1.8,90,88,86,1017,1013,15,3,29,0.08
<br>
2019-1-13,6.5,4.8,3.1,2.2,0.7,-0.3,88,78,70,1013,1009,16,3,31,0.00
<br>
2019-1-14,8.4,5.8,3.3,4.4,1.9,0.3,83,79,73,1009,1002,29,5,43,0.00
<br>
2019-1-15,8.4,5.2,2.1,5.2,2.2,-2.0,88,81,72,1011,1002,27,5,67,3.25
<br>
2019-1-16,6.3,3.3,0.4,1.1,-2.1,-4.3,76,67,50,1018,1011,27,7,45,0.00
<br>
2019-1-17,17.0,10.9,4.9,5.7,3.1,0.5,86,74,47,1022,1018,27,7,39,0.00
<br>
2019-1-18,17.7,12.1,6.6,5.7,4.1,2.9,80,69,45,1020,1017,35,9,47,0.00
<br>
2019-1-19,14.2,11.1,8.1,7.9,6.0,4.7,87,76,65,1022,1018,27,7,42,0.00
<br>
2019-1-20,14.3,10.5,6.8,7.3,6.1,5.0,92,78,59,1022,1016,23,3,32,0.00
<br>
